3199
2708
3143
638
125297
162320
24393
38852
2636
4463
24160
3422
38729
84936
23345
20080
3834
22495
9559
22353
122600
412
147
3078
124907
44229
2792
24775
126120
20113
4416
2988
9913
38513
32275
2394
86115
496
3377
109118
12988
2015
67954
21486
3361
22103
91282
1998
280181
37953
123471
85552
3850
44170
22796
23999
105532
24502
10783
9552
15429
22352
3382
2002
20925
3459
123026
57245
83230
2820
123317
159672
22496
2477
102368
44438
3875
49577
20251
39937
39998
193346
56846
123878
3338
22576
10764
3467
7333
5404
90771
279783
22447
17988
2765
3350
22527
30720
110558
2775
56698
45600
19826
57999
81125
36498
4435
2703
2649
20066
2786
22451
40347
1220921
122604
225432
56261
85457
76689
48805
3392
3076
83407
62893
93436
62005
23995
93495
45136
9163
123831
123335
23765
22356
133780
164067
83629
3354
22291
611817
148375
2639
34595
122231
85340
148703
44347
24686
65812
278862
123734
21404
105581
123339
159265
24287
62284
133666
3346
2635
162448
24540
24031
24487
17462
123346
124034
82660
93862
111687
179044
56774
35544
2125
13961
21367
2012
38743
56668
20960
23154
2198
13493
24179
123516
52421
67612
24129
62412
336391
123832
122756
182097
277836
86240
20811
122876
81663
20498
301664
122081
116289
31405
4539
280173
184025
17829
193994
85029
130935
2764
6821
24705
24336
22818
150230
119858
148623
149485
280336
263260
172467
130803
122698
24805
9723
110858
186420
25098
93852
22037
150055
186395
20485
159658
20302
51592
21751
148761
3369
241619
808533
162252
20063
806817
280295
204585
280351
20822
21095
20879
83423
3364
183925
123625
54688
279533
3391
55488
278572
651288
24501
123521
54688
85128
105580
123835
124040
1100043
301586
107045
123534
9915
20337
91717
17006
14561
232719
349863
280190
111666
123441
3889
301587
221037
125087
22992
18090
32279
109312
280319
279762
123611
13578
123741
280354
3860
186505
85251
163808
715752
338571
123592
40801
56951
157812
90129
436817
235480
1226669
55103
122973
124028
3862
159259
464
81623
28895
377272
802033
307017
24785
30453
22610
24341
77319
678616
93436
736894
280201
93441
1047241
17855
1914
105581
21198
122588
162389
5993
725679
78654
151252
23303
541
98683
21840
22492
2455
39848
23313
22495
24229
123800
65609
65811
90771
21751
98997
